5 5 25
5 5 5 5 5
251 221 70 116 81 173 264 84 169 225 209 217 184 133 261 197 276 252 295 88 260 257 87 279 163
129 113 87 63 146 42 30 124 79 67 128 119 29 144 135 59 72 149 84 94 33 105 80 62 47
90 265 304 370 447 379 166 273 136 256 136 357 109 357 436 220 345 309 327 288 135 243 334 99 264
149 274 195 108 200 199 292 187 127 140 270 195 50 91 99 120 140 67 278 158 290 81 201 116 87
96 115 146 149 37 112 88 32 137 54 106 80 137 35 78 49 85 87 123 139 87 63 81 71 144
1 2 3 4 5 6 7 8 9 10 11 12 13 14 15 16 17 18 19 20 21 22 23 24 25 26 27 28 29 30 31 32 33 34 35 36 37 38 39 40 41 42 43 44 45 46 47 48 49 50 51 52 53 54 55 56 57 58 59 60 61 62 63 64 65 66 67 68 69 70 71 72 73 74 75 76 77 78 79 80 81 82 83 84 85 86 87 88 89 90 91 92 93 94 95 96 97 98 99 100
3 4 2 3 1 0 3 1 4 3 2 3 0 4 0 3 2 1 2 3 2 4 4 1 1 3 0 2 0 4 2 0 3 4 3 1 3 3 1 3 4 3 4 3 2 1 2 1 2 0 4 2 3 4 0 4 4 2 3 2 4 4 0 2 1 3 3 0 0 2 2 0 4 3 1 4 3 4 0 3 2 1 2 4 3 0 0 1 3 1 4 2 1 4 3 1 2 2 2 1
89 104 113 178 184 191 229 247 255 347 354 400 432 438 459 461 466 473 474 502 533 538 539 563 571 584 632 635 637 649 651 665 669 693 710 720 740 764 766 809 848 860 951 960 977 998 1020 1029 1051 1069 1098 1109 1127 1132 1180 1184 1194 1215 1232 1250 1255 1262 1334 1371 1372 1378 1379 1401 1416 1417 1421 1452 1470 1494 1496 1516 1517 1535 1547 1548 1549 1552 1563 1568 1569 1570 1571 1609 1616 1636 1676 1707 1800 1830 1834 1914 1916 1941 1966 1967
858 1066 882 1621 953 1153 2153 1690 1698 1309 2278 1169 1201 1400 2383 1423 2390 1242 1436 2426 1302 1981 1308 2487 1340 1353 2075 2559 1406 1418 2575 2108 2112 2136 2634 2163 1702 1726 1728 1578 2772 2784 1720 1922 1939 2922 1789 2472 1820 2031 2060 2552 2570 3056 3104 2627 1963 2177 2001 2693 2698 2031 2103 2333 2334 2340 2822 2170 2378 2379 2190 2414 2913 2937 3420 2959 2479 2978 3471 3472 2318 2321 3006 3011 2531 3013 2533 2378 3540 3560 3600 3631 2762 2792 3277 3357 2878 3384 2928 2736
