5 5 25
5 5 5 5 5
252 91 296 161 155 282 119 71 100 115 57 258 102 248 194 293 147 263 129 270 268 241 81 236 194
118 252 423 412 105 291 114 426 388 93 301 429 357 195 210 303 270 156 196 192 123 166 199 156 316
255 138 174 171 89 147 72 297 263 85 249 74 185 61 59 280 94 210 225 128 165 248 229 113 108
189 336 442 277 369 276 210 328 360 393 79 441 192 93 133 322 217 445 183 268 430 190 231 192 375
85 93 63 93 133 81 145 129 119 63 117 84 56 143 73 117 42 53 48 69 66 76 27 146 87
1 2 3 4 5 6 7 8 9 10 11 12 13 14 15 16 17 18 19 20 21 22 23 24 25 26 27 28 29 30 31 32 33 34 35 36 37 38 39 40 41 42 43 44 45 46 47 48 49 50 51 52 53 54 55 56 57 58 59 60 61 62 63 64 65 66 67 68 69 70 71 72 73 74 75 76 77 78 79 80 81 82 83 84 85 86 87 88 89 90 91 92 93 94 95 96 97 98 99 100
0 3 1 0 1 2 0 0 0 4 3 0 1 4 4 3 4 1 2 4 1 3 2 3 3 4 1 3 4 4 4 2 4 0 4 1 1 2 0 3 0 3 2 1 2 3 3 2 1 2 4 2 2 0 0 0 0 4 2 0 2 0 0 3 0 1 0 3 2 2 0 3 4 0 0 0 4 1 1 1 0 4 0 0 2 4 3 3 3 2 2 1 3 3 3 0 1 3 4 2
12 63 82 126 137 141 156 173 197 216 253 264 265 278 307 317 322 334 363 435 443 459 467 475 480 504 513 557 583 601 624 629 631 681 699 711 731 806 810 821 823 829 862 928 952 958 959 976 1006 1009 1018 1055 1106 1107 1119 1138 1144 1159 1165 1177 1188 1193 1230 1231 1235 1247 1273 1294 1299 1314 1338 1358 1384 1392 1420 1427 1428 1449 1478 1506 1552 1599 1601 1618 1622 1634 1692 1721 1745 1774 1780 1797 1833 1839 1842 1853 1855 1860 1878 1884
1002 1053 1939 1116 2613 2617 2632 2649 1187 2692 1491 2121 1255 2135 1297 2793 1560 2810 2839 1673 2300 1449 1457 1465 1470 1742 2370 1547 1573 1591 2481 3105 1869 1919 2556 1701 2588 3282 2667 1811 3299 1819 3338 3404 2190 2815 1949 2833 2863 3485 2008 2293 2963 3583 2109 3614 2382 2397 3641 3653 2426 2183 2220 2221 2473 2485 3749 3770 2537 2552 3814 2348 2622 2382 3277 3284 2418 2687 3335 2744 2542 2837 3458 2856 3479 2624 2682 4197 4221 3631 2770 3654 2823 3696 3080 3710 3712 3098 3116 4360
