5 5 25
5 5 5 5 5
378 196 348 369 318 361 148 211 337 174 187 220 310 237 397 387 235 198 81 231 277 99 358 277 253
95 69 98 57 50 75 149 139 76 100 141 49 102 135 143 119 141 141 112 107 91 114 85 112 139
120 65 160 111 193 81 80 83 258 199 147 55 145 139 184 136 253 122 145 118 283 60 89 76 62
55 215 234 129 188 279 103 221 95 242 165 131 183 231 191 146 75 287 199 213 65 162 277 298 265
388 370 442 351 165 240 165 220 330 106 352 238 420 426 448 445 376 223 271 342 157 354 183 414 366
1 2 3 4 5 6 7 8 9 10 11 12 13 14 15 16 17 18 19 20 21 22 23 24 25 26 27 28 29 30 31 32 33 34 35 36 37 38 39 40 41 42 43 44 45 46 47 48 49 50 51 52 53 54 55 56 57 58 59 60 61 62 63 64 65 66 67 68 69 70 71 72 73 74 75 76 77 78 79 80 81 82 83 84 85 86 87 88 89 90 91 92 93 94 95 96 97 98 99 100
4 4 2 0 3 3 2 3 4 3 3 4 3 3 3 1 3 3 0 1 2 1 0 0 4 1 3 3 1 1 2 3 0 3 0 3 3 0 1 1 1 1 0 4 3 0 3 3 4 0 3 0 3 4 1 0 2 4 0 4 0 4 0 2 2 0 0 2 3 2 2 0 4 4 2 4 0 0 0 4 4 3 4 3 4 2 2 1 1 4 3 2 4 2 2 4 0 2 1 2
5 16 73 92 109 117 118 133 140 154 165 192 196 210 230 282 322 326 333 341 363 386 407 408 417 420 445 458 467 477 478 482 522 529 537 541 553 571 573 576 578 582 608 632 636 643 666 708 711 717 748 755 781 831 843 873 883 893 894 911 921 951 1012 1014 1026 1056 1057 1058 1063 1066 1067 1080 1127 1158 1171 1216 1220 1242 1248 1249 1273 1291 1298 1299 1343 1344 1364 1429 1437 1449 1462 1480 1513 1543 1561 1567 1630 1635 1656 1681
677 688 1418 1101 1118 1462 1463 671 1149 826 703 864 1541 1555 768 820 994 864 1342 879 1372 1058 1752 946 955 1765 983 1130 1139 1149 1487 1491 1194 1201 1882 1550 1091 1243 1918 1248 1250 1927 1617 1977 1174 1652 2011 1380 1249 1255 1286 1764 1790 1840 2188 1882 1421 2238 1432 1583 2266 2296 2021 2359 2035 2401 1595 1730 2408 2075 1605 1752 2472 2167 1709 1888 1758 2587 1920 2258 1811 2636 1836 1971 1881 2016 2036 2774 2109 2458 2807 2489 2051 2215 2233 2576 2975 2173 2194 2219
