5 5 25
5 5 5 5 5
152 191 295 212 290 212 66 92 161 93 52 123 206 74 113 129 145 144 79 122 52 288 91 271 57
379 357 184 357 304 252 190 165 360 357 187 289 415 270 135 400 166 435 430 147 450 151 127 361 301
219 244 172 423 361 264 292 295 103 213 97 114 321 106 403 312 100 280 291 381 94 337 154 249 174
239 185 232 263 267 61 254 58 128 290 237 300 282 238 217 135 55 129 53 185 206 67 170 195 117
27 75 53 107 37 107 88 48 106 140 96 76 55 143 27 139 32 33 113 73 59 52 127 126 26
1 2 3 4 5 6 7 8 9 10 11 12 13 14 15 16 17 18 19 20 21 22 23 24 25 26 27 28 29 30 31 32 33 34 35 36 37 38 39 40 41 42 43 44 45 46 47 48 49 50 51 52 53 54 55 56 57 58 59 60 61 62 63 64 65 66 67 68 69 70 71 72 73 74 75 76 77 78 79 80 81 82 83 84 85 86 87 88 89 90 91 92 93 94 95 96 97 98 99 100
3 3 2 4 1 1 0 1 3 3 2 2 3 4 0 2 4 4 4 4 3 0 3 3 4 3 1 0 1 1 1 1 4 4 3 3 3 0 1 1 2 4 2 2 0 3 0 2 1 3 1 4 4 4 2 3 4 2 0 4 0 4 2 2 3 0 3 0 1 0 4 2 1 0 4 0 0 2 0 1 0 4 2 2 3 0 1 4 3 4 0 3 3 0 2 4 1 0 3 0
13 32 70 84 99 147 162 172 180 183 187 191 205 217 220 299 301 356 379 420 494 497 523 528 537 585 614 619 623 636 649 650 651 665 673 692 698 716 717 736 843 844 866 887 892 917 954 956 968 1020 1060 1085 1092 1167 1182 1219 1222 1245 1300 1329 1339 1351 1355 1359 1368 1400 1454 1521 1550 1606 1628 1629 1635 1636 1661 1695 1740 1757 1761 1785 1855 1873 1876 1877 1881 1894 1907 1926 1941 1952 1954 1989 2001 2024 2039 2046 2081 2085 2108 2109
327 621 856 477 413 540 476 486 769 497 973 505 519 806 1006 888 890 670 772 1009 808 1283 1309 1314 1126 899 1203 1208 1212 1029 963 1239 1437 1254 987 1006 1012 1109 1110 1325 1432 1630 1652 1201 1481 1506 1347 1270 1361 1609 1453 1399 1878 1481 1968 2005 2008 2031 1693 1643 2125 2137 2141 2145 2154 1714 1768 2307 2336 2195 2217 1943 2421 2225 1975 2284 2526 2543 2350 2178 2641 2462 2662 2663 2274 2680 2496 2319 2530 2541 2543 2578 2590 2338 2353 2832 2395 2478 2501 2698
