5 5 25
5 5 5 5 5
85 286 175 189 433 288 100 139 103 100 198 160 381 75 100 102 154 88 120 243 231 199 292 252 265
67 53 138 230 111 77 275 183 140 298 118 266 282 129 233 245 87 68 165 226 149 110 161 280 135
103 137 166 194 243 157 224 218 63 168 56 278 57 193 207 252 103 56 77 100 73 257 256 285 167
68 109 148 127 91 46 146 66 145 34 39 49 49 58 130 26 25 71 148 119 120 69 148 85 39
216 144 237 231 173 92 253 135 161 282 239 203 209 179 123 182 134 127 189 51 293 192 166 92 230
1 2 3 4 5 6 7 8 9 10 11 12 13 14 15 16 17 18 19 20 21 22 23 24 25 26 27 28 29 30 31 32 33 34 35 36 37 38 39 40 41 42 43 44 45 46 47 48 49 50 51 52 53 54 55 56 57 58 59 60 61 62 63 64 65 66 67 68 69 70 71 72 73 74 75 76 77 78 79 80 81 82 83 84 85 86 87 88 89 90 91 92 93 94 95 96 97 98 99 100
1 3 0 1 4 1 2 1 0 2 1 2 4 3 2 0 1 3 2 0 3 2 3 3 2 0 1 1 2 2 2 2 4 4 0 3 4 3 3 1 4 2 0 1 3 0 3 1 0 3 0 2 2 4 0 1 2 0 1 4 1 2 0 0 4 0 4 4 0 3 4 0 1 1 2 1 1 2 1 4 2 0 4 4 1 1 2 0 1 2 4 4 0 0 4 3 0 2 1 0
8 33 39 104 156 168 182 190 283 284 303 327 342 357 376 429 440 452 465 485 513 554 574 604 605 623 628 634 641 663 669 670 716 729 759 764 913 917 948 949 974 978 984 996 1034 1040 1044 1050 1055 1085 1088 1131 1158 1199 1212 1224 1225 1235 1246 1255 1271 1272 1279 1282 1293 1298 1302 1305 1310 1312 1358 1359 1371 1381 1393 1434 1457 1471 1489 1506 1514 1554 1558 1606 1640 1646 1661 1668 1669 1677 1678 1739 1743 1767 1795 1827 1833 1853 1901 1902
870 679 901 535 587 814 613 836 714 1146 734 973 988 1003 1022 1291 871 1098 1327 1131 944 985 918 1466 1036 1485 1274 978 1287 1007 1531 1532 1362 1073 1621 1108 1344 1563 1379 1380 1405 1409 1415 1427 1896 1471 1388 1696 1917 1429 1519 1562 1589 2061 1556 1568 1569 2097 1677 1599 1702 1616 1623 2144 1637 1944 2164 1736 1741 1743 2004 1790 2233 2243 2255 1778 2103 2333 2351 2368 1945 2200 2204 2252 2071 2508 2005 2530 2531 2539 2324 2601 2174 2413 2441 2689 2264 2715 2332 2548
